Datos inversa
0.0001771000000028081,0.00013130000000782967,0.0001352750000005353,0.00019500000000811585,0.0001283500000007137,9.395000000178089e-05,0.0002184000000003715,0.0003946749999957698,0.0004996249999968438,0.0005162000000000285,0.0005468249999994086,0.0010447250000005218,0.0010285250000049316,0.001145700000004962,0.0007120250000064738,0.001136474999998513,0.0033521000000001355,0.0189228750000007,0.09023584999999629,6.985687499999997,26.971762450000003,
Datos np.solve
0.00014740000000301734,4.269999999451102e-05,3.632499999639549e-05,3.707499999450192e-05,3.169999999386164e-05,4.3200000007459494e-05,0.0001374499999968748,0.0003183249999807458,0.00042320000001438984,0.0005475500000216016,0.004574450000006891,0.00197345000000837,0.0007878750000145374,0.0013089749999863898,0.005030400000009649,0.0015426250000132313,0.008710249999992925,0.007957774999994172,0.0349446499999857,2.1135222250000254,7.808734074999975,
Datos sp.solve
0.008710150000041494,0.00011319999995862418,9.052499997608265e-05,8.907499999111224e-05,0.00010177500000452255,9.765000001493718e-05,0.00032602499999256906,0.000338525000017853,0.0003743249999956788,0.0004938249999639766,0.0017802500000243526,0.004580749999988143,0.0019236499999948364,0.001395474999995372,0.0009636250000113478,0.0039441499999668395,0.005183325000004402,0.014006550000019047,0.04177820000002441,2.359828874999991,8.708191675000009,
Datos sp.solve(gen)
0.00023777500001642693,0.00010527500000989676,0.00010350000002290471,0.00010809999994876307,8.490000001870612e-05,9.022500000810396e-05,0.0002302750000069409,0.00031609999996362603,0.0003257249999819578,0.00041899999996530823,0.0006456499999956122,0.0010428999999874122,0.00174772500000131,0.0020128499999714222,0.00527539999998794,0.002157849999946393,0.004808350000047312,0.009750675000020692,0.040761175000000094,2.339098524999997,8.320020775000017,
Datos np.solve(pos)
0.00026457500001697554,0.00010145000001671178,0.00010042499999940446,0.00010560000001191838,0.00010257499999966058,0.0001132000000438893,0.0001314249999779804,0.00013069999999970605,0.0004253750000202672,0.00031472499998130843,0.0003468500000280983,0.0006188000000406646,0.00036947500004202993,0.0005064500000173666,0.0004920750000110274,0.0005704999999807114,0.0013205499999742187,0.008902024999969171,0.0407189749999759,1.7143759249999846,5.7945058249999875,
Datos np.solve(pos,overwrite)
0.0004247999999620333,0.00018502500006434275,0.0001037499999654301,9.42499999894153e-05,0.00010157499997376362,0.00010957500009567411,0.0001486500000282831,0.00020114999998099847,0.0008783999999764092,0.00025659999997174054,0.00027012500007117524,0.00031677500001592307,0.0003192750000096112,0.0005781000000411041,0.00044287500000450564,0.0005440749999650052,0.0013385249999942062,0.007959824999971943,0.036971350000015946,1.7209018750000098,5.67846725000004,